0.000000000000000000e+00
0.000000000000000000e+00
2.000000000000000111e-01
1.000000000000000056e-01
0.000000000000000000e+00
0.000000000000000000e+00
0.000000000000000000e+00
0.000000000000000000e+00
0.000000000000000000e+00
0.000000000000000000e+00
0.000000000000000000e+00
5.600000000000000533e-01
3.599999999999999867e-01
0.000000000000000000e+00
6.999999999999999556e-01
0.000000000000000000e+00
0.000000000000000000e+00
0.000000000000000000e+00
6.800000000000000488e-01
3.599999999999999867e-01
0.000000000000000000e+00
1.799999999999999933e-01
0.000000000000000000e+00
6.999999999999999556e-01
0.000000000000000000e+00
0.000000000000000000e+00
0.000000000000000000e+00
6.999999999999999556e-01
0.000000000000000000e+00
0.000000000000000000e+00
0.000000000000000000e+00
0.000000000000000000e+00
6.999999999999999556e-01
0.000000000000000000e+00
0.000000000000000000e+00
0.000000000000000000e+00
0.000000000000000000e+00
0.000000000000000000e+00
2.000000000000000111e-01
0.000000000000000000e+00
6.999999999999999556e-01
0.000000000000000000e+00
0.000000000000000000e+00
6.999999999999999556e-01
0.000000000000000000e+00
0.000000000000000000e+00
1.000000000000000056e-01
0.000000000000000000e+00
6.999999999999999556e-01
0.000000000000000000e+00
0.000000000000000000e+00
6.999999999999999556e-01
2.800000000000000266e-01
0.000000000000000000e+00
0.000000000000000000e+00
0.000000000000000000e+00
2.999999999999999889e-01
0.000000000000000000e+00
6.999999999999999556e-01
4.000000000000000222e-01
0.000000000000000000e+00
3.800000000000000044e-01
6.999999999999999556e-01
6.999999999999999556e-01
6.999999999999999556e-01
0.000000000000000000e+00
0.000000000000000000e+00
0.000000000000000000e+00
6.999999999999999556e-01
1.000000000000000056e-01
0.000000000000000000e+00
0.000000000000000000e+00
0.000000000000000000e+00
0.000000000000000000e+00
1.000000000000000056e-01
0.000000000000000000e+00
0.000000000000000000e+00
0.000000000000000000e+00
0.000000000000000000e+00
6.999999999999999556e-01
0.000000000000000000e+00
0.000000000000000000e+00
0.000000000000000000e+00
0.000000000000000000e+00
6.999999999999999556e-01
0.000000000000000000e+00
1.199999999999999956e-01
0.000000000000000000e+00
6.999999999999999556e-01
0.000000000000000000e+00
6.999999999999999556e-01
0.000000000000000000e+00
0.000000000000000000e+00
0.000000000000000000e+00
0.000000000000000000e+00
0.000000000000000000e+00
0.000000000000000000e+00
0.000000000000000000e+00
0.000000000000000000e+00
6.999999999999999556e-01
