4.000000000000000222e-01
2.999999999999999889e-01
6.999999999999999556e-01
6.999999999999999556e-01
6.999999999999999556e-01
0.000000000000000000e+00
6.999999999999999556e-01
0.000000000000000000e+00
3.200000000000000067e-01
6.999999999999999556e-01
0.000000000000000000e+00
6.999999999999999556e-01
6.999999999999999556e-01
6.999999999999999556e-01
6.999999999999999556e-01
0.000000000000000000e+00
6.999999999999999556e-01
0.000000000000000000e+00
2.200000000000000011e-01
0.000000000000000000e+00
6.999999999999999556e-01
0.000000000000000000e+00
6.999999999999999556e-01
2.600000000000000089e-01
2.800000000000000266e-01
0.000000000000000000e+00
0.000000000000000000e+00
0.000000000000000000e+00
5.600000000000000533e-01
2.800000000000000266e-01
0.000000000000000000e+00
6.999999999999999556e-01
0.000000000000000000e+00
0.000000000000000000e+00
0.000000000000000000e+00
2.000000000000000042e-02
0.000000000000000000e+00
6.999999999999999556e-01
6.999999999999999556e-01
0.000000000000000000e+00
0.000000000000000000e+00
0.000000000000000000e+00
6.999999999999999556e-01
2.999999999999999889e-01
5.000000000000000000e-01
6.999999999999999556e-01
0.000000000000000000e+00
6.999999999999999556e-01
6.999999999999999556e-01
0.000000000000000000e+00
0.000000000000000000e+00
0.000000000000000000e+00
0.000000000000000000e+00
6.999999999999999556e-01
2.200000000000000011e-01
6.999999999999999556e-01
6.999999999999999556e-01
0.000000000000000000e+00
0.000000000000000000e+00
6.999999999999999556e-01
3.400000000000000244e-01
0.000000000000000000e+00
6.999999999999999556e-01
6.999999999999999556e-01
0.000000000000000000e+00
2.200000000000000011e-01
6.999999999999999556e-01
0.000000000000000000e+00
1.000000000000000056e-01
6.999999999999999556e-01
6.999999999999999556e-01
6.800000000000000488e-01
0.000000000000000000e+00
6.999999999999999556e-01
6.999999999999999556e-01
0.000000000000000000e+00
2.999999999999999889e-01
6.999999999999999556e-01
0.000000000000000000e+00
6.999999999999999556e-01
1.000000000000000056e-01
0.000000000000000000e+00
0.000000000000000000e+00
6.999999999999999556e-01
6.999999999999999556e-01
6.999999999999999556e-01
0.000000000000000000e+00
0.000000000000000000e+00
0.000000000000000000e+00
3.200000000000000067e-01
0.000000000000000000e+00
2.999999999999999889e-01
0.000000000000000000e+00
0.000000000000000000e+00
1.000000000000000056e-01
0.000000000000000000e+00
0.000000000000000000e+00
6.999999999999999556e-01
1.000000000000000056e-01
6.999999999999999556e-01
