0.000000000000000000e+00
0.000000000000000000e+00
6.999999999999999556e-01
0.000000000000000000e+00
0.000000000000000000e+00
1.000000000000000056e-01
6.999999999999999556e-01
0.000000000000000000e+00
5.999999999999999778e-01
0.000000000000000000e+00
5.999999999999999778e-02
6.999999999999999556e-01
0.000000000000000000e+00
6.999999999999999556e-01
0.000000000000000000e+00
0.000000000000000000e+00
0.000000000000000000e+00
1.000000000000000056e-01
0.000000000000000000e+00
0.000000000000000000e+00
5.200000000000000178e-01
0.000000000000000000e+00
6.999999999999999556e-01
0.000000000000000000e+00
0.000000000000000000e+00
0.000000000000000000e+00
0.000000000000000000e+00
0.000000000000000000e+00
6.999999999999999556e-01
0.000000000000000000e+00
3.200000000000000067e-01
0.000000000000000000e+00
0.000000000000000000e+00
0.000000000000000000e+00
0.000000000000000000e+00
0.000000000000000000e+00
6.800000000000000488e-01
0.000000000000000000e+00
6.999999999999999556e-01
0.000000000000000000e+00
0.000000000000000000e+00
6.999999999999999556e-01
0.000000000000000000e+00
1.000000000000000056e-01
0.000000000000000000e+00
0.000000000000000000e+00
2.999999999999999889e-01
6.999999999999999556e-01
0.000000000000000000e+00
6.999999999999999556e-01
6.999999999999999556e-01
0.000000000000000000e+00
0.000000000000000000e+00
6.999999999999999556e-01
0.000000000000000000e+00
0.000000000000000000e+00
0.000000000000000000e+00
0.000000000000000000e+00
6.999999999999999556e-01
0.000000000000000000e+00
0.000000000000000000e+00
0.000000000000000000e+00
1.199999999999999956e-01
0.000000000000000000e+00
0.000000000000000000e+00
6.999999999999999556e-01
6.999999999999999556e-01
6.999999999999999556e-01
0.000000000000000000e+00
0.000000000000000000e+00
0.000000000000000000e+00
6.999999999999999556e-01
0.000000000000000000e+00
3.400000000000000244e-01
6.999999999999999556e-01
0.000000000000000000e+00
0.000000000000000000e+00
0.000000000000000000e+00
0.000000000000000000e+00
0.000000000000000000e+00
0.000000000000000000e+00
1.000000000000000056e-01
2.999999999999999889e-01
0.000000000000000000e+00
6.999999999999999556e-01
0.000000000000000000e+00
6.999999999999999556e-01
6.999999999999999556e-01
1.000000000000000056e-01
0.000000000000000000e+00
0.000000000000000000e+00
0.000000000000000000e+00
6.999999999999999556e-01
0.000000000000000000e+00
6.999999999999999556e-01
0.000000000000000000e+00
6.999999999999999556e-01
1.000000000000000056e-01
2.000000000000000111e-01
0.000000000000000000e+00
